bottles temp pres psal cond
3.0 1.0 1.0 1.0 3.8114227999999994 2030.7823632250004 34.92063691875 33.194856224999995
3.0 1.0 3.0 2.0 3.924814805882353 1929.1134553882353 34.92499615882353 33.25881167058824
3.0 1.0 5.0 3.0 4.019615300000001 1826.8060666769231 34.931081946153846 33.30720564615385
3.0 1.0 7.0 4.0 4.481627047058823 1623.6035603764706 34.97406058235294 33.6750438
3.0 1.0 9.0 5.0 5.3350853166666665 1419.6466668250002 35.078923825 34.453266475
3.0 1.0 15.0 6.0 9.3503185 1013.4448806411764 35.50661451764705 38.41334154705882
3.0 1.0 17.0 7.0 10.835052333333332 709.1731074933335 35.44049808 39.63807130666667
3.0 1.0 19.0 8.0 11.6618169 506.3404052416666 35.519293833333336 40.4279185
3.0 1.0 21.0 9.0 12.582684784615385 305.7980664230769 35.65953394615384 41.38196379230769
3.0 1.0 23.0 10.0 13.1939874 103.87413957058824 35.77825475294118 42.017280841176465
5.0 1.0 3.0 1.0 3.9043630799999995 1929.28629826 34.92548109 33.24103756
5.0 1.0 5.0 2.0 4.011185646153846 1828.4877481076921 34.92695520769231 33.296828830769236
5.0 1.0 7.0 3.0 4.25398572 1726.3964000400003 34.94442173 33.48743555
5.0 1.0 10.0 4.0 4.494691294117648 1625.9208443117648 34.97275220588235 33.686622194117646
5.0 1.0 15.0 5.0 9.57602264 913.7977839400003 35.46149116 38.54162979
5.0 1.0 18.0 6.0 10.208956852941176 810.7419651705884 35.4466094 39.08715124705882
5.0 1.0 19.0 7.0 11.217897877777776 608.2932003888889 35.46948751111111 39.99231082222222
5.0 1.0 21.0 8.0 12.74227078 185.12264882 35.679639200000004 41.505433010000004
5.0 1.0 23.0 9.0 13.174748127272727 55.22275839090908 35.771909063636365 41.96948946363636
7.0 1.0 211059.0 1.0 3.80200911875 2031.0271503625004 34.9218830375 33.1876196875
7.0 1.0 211060.0 2.0 3.907791318181818 1929.358451690909 34.92582551818182 33.24441628181818
7.0 1.0 211061.0 3.0 4.182989316666666 1726.8069047 34.944127658333336 33.42372176666667
7.0 1.0 211062.0 4.0 4.759960654545455 1523.4119897727273 35.00871040909092 33.914249872727275
7.0 1.0 211063.0 5.0 5.90890239 1368.8470232400002 35.16258684 35.029709620000006
7.0 1.0 211064.0 6.0 8.63792995 1116.39901875 35.49708665000001 37.77213553
7.0 1.0 211065.0 7.0 9.830071006666666 913.5507872266667 35.47475662 38.79687948
7.0 1.0 211066.0 8.0 10.7522411 709.0528719199999 35.433928460000004 39.55176554
7.0 1.0 211067.0 9.0 11.591177850000001 507.93908425 35.512413099999996 40.35305225
7.0 1.0 211068.0 10.0 13.167100206666667 203.9845277133333 35.76995475333333 42.027238946666664
7.0 1.0 211069.0 11.0 13.242133675000003 55.076075633333325 35.778992499999994 42.043524308333325
9.0 1.0 3.0 1.0 3.93134814 1928.6644347099998 34.92821141 33.267232990000004
9.0 1.0 5.0 2.0 4.041347908333333 1827.2896241166666 34.932064925 33.327697925
9.0 1.0 7.0 3.0 4.2165949750000005 1725.7899360166664 34.94624373333334 33.45525636666667
9.0 1.0 9.0 4.0 4.744202381818183 1519.1934726545455 34.99967045454546 33.89044468181818
9.0 1.0 17.0 5.0 10.718034758333332 708.7159419750001 35.441571208333336 39.52637096666667
9.0 1.0 19.0 6.0 11.57653097 507.53417425 35.50484369 40.330997110000006
9.0 1.0 23.0 7.0 13.344031763636364 53.26042378181818 35.787634736363636 42.15271583636365
9.0 1.0 21.0 8.0 13.334622066666666 203.23469836666666 35.78111981111111 42.204434955555556
